59.325654, 18.0711424
59.3257998, 18.0712751
59.3258572, 18.0712306
59.326168, 18.0726074
59.3265144, 18.0740319
59.3266032, 18.0741052
59.3266635, 18.0743164
59.3267243, 18.0745296
59.3266231, 18.0746601
59.3251228, 18.0757779
59.3250267, 18.0757605
59.3249039, 18.0757631
59.3244701, 18.0756444
59.3232988, 18.0752287
59.3227177, 18.0749504
59.3217672, 18.0744558
59.3216539, 18.0744024
59.3204336, 18.0733745
59.3201912, 18.072555
59.3201465, 18.0722886
59.3199474, 18.0706796
59.3198777, 18.0704475
59.3198103, 18.0702496
59.319671, 18.0693114
59.3195809, 18.068617
59.3195277, 18.0682124
59.3195033, 18.0678811
59.319165, 18.0652897
59.3189084, 18.063148
59.3187802, 18.0620483
59.3185167, 18.0599198
59.3181621, 18.0571733
59.3179462, 18.0553402
59.317933, 18.0552292
59.3179205, 18.0551243
59.3178981, 18.0549356
59.3173546, 18.0506613
59.3173335, 18.0505024
59.316836, 18.0464866
59.316398, 18.0431257
59.3161053, 18.040801
59.3156248, 18.0371152
59.3152503, 18.0343229
59.3147668, 18.0344347
59.3143031, 18.033941
59.3142185, 18.0337822
59.3132263, 18.03197
59.3130258, 18.0316038
59.3119294, 18.0295921
59.3113742, 18.0287364
59.3112274, 18.0285387
59.3104354, 18.0274669
59.3101808, 18.0271209
59.3097362, 18.0265306
59.309338, 18.0259963
59.3090862, 18.0256589
59.3088171, 18.0252984
59.3068588, 18.0227016
59.3065801, 18.0224096
59.3044753, 18.0203818
59.3027885, 18.0188873
59.3022301, 18.0182516
59.3017375, 18.0174179
59.2977358, 18.0070191
59.2959562, 18.0042057
59.2947078, 18.0021368
59.2927669, 17.999213
59.2924024, 17.9986655
59.2914452, 17.9969588
59.2906325, 17.9949353
59.2903802, 17.9939802
59.2895727, 17.9904211
59.2888627, 17.9869628
59.2886879, 17.9853588
59.2886614, 17.9833787
59.2887202, 17.9814473
59.2889088, 17.9778376
59.2889409, 17.9756726
59.2889182, 17.9563909
59.2887521, 17.9548824
59.2863467, 17.9434207
59.2857015, 17.9406366
59.2845286, 17.9355731
59.2787884, 17.9189352
59.2765025, 17.9157943
59.2761407, 17.915399
59.2751765, 17.9145418
59.2728825, 17.9135216
59.2710772, 17.9126214
59.2696894, 17.9112536
59.2641362, 17.897216
59.2632477, 17.8947479
59.2615277, 17.8914719
59.2542516, 17.878249
59.254255, 17.8729213
59.2546853, 17.8685765
59.2547489, 17.8663235
59.2540635, 17.8618395
59.2519067, 17.8559076
59.2510935, 17.8537124
59.2459242, 17.8407497
59.2390943, 17.8296945
59.2387857, 17.8272339
59.2383909, 17.8241254
59.2289755, 17.7945117
59.2126057, 17.7637103
59.21243, 17.7596123
59.2122261, 17.7546631
59.2120153, 17.7498478
59.2117601, 17.7457721
59.2029244, 17.674432
59.2019416, 17.6704963
59.1950196, 17.6596145
59.1932844, 17.6582125
59.1872902, 17.6445183
59.1868837, 17.6441103
59.1856962, 17.6433504
59.1852446, 17.6431495
59.1846433, 17.6429106
59.1842023, 17.6427501
59.1821044, 17.6421285
59.1816563, 17.6421567
59.1802613, 17.642771
59.1786797, 17.6449365
59.1780959, 17.6446975
59.1766578, 17.6401879
59.1765778, 17.6395628
59.1764271, 17.6379806
59.1763457, 17.6371139
59.1761947, 17.6342848
59.1761538, 17.6330559
59.176158, 17.628707
59.1781419, 17.6143903
59.1783052, 17.6136031
59.1810083, 17.5971875
59.1810701, 17.596882
59.187283, 17.5624483
59.1873861, 17.5584682
59.1871005, 17.553577
59.1861113, 17.5473312
59.1853725, 17.5285952
59.1865164, 17.5195627
59.1886889, 17.4667645
59.1911288, 17.4512205
59.1938386, 17.4380901
59.19392, 17.4376886
59.2165462, 17.3039867
59.2183378, 17.2972154
59.2234128, 17.2620002
59.2400029, 17.179308
59.2405574, 17.1782824
59.2436705, 17.1726547
59.2441493, 17.1717647
59.2453087, 17.1694871
59.247871, 17.1635834
59.2482511, 17.1625864
59.2492122, 17.1600651
59.2503015, 17.157208
59.2681432, 17.1364466
59.2690674, 17.1348748
59.27573, 17.1194749
59.2762535, 17.1181588
59.2805819, 17.1098922
59.2823016, 17.1078239
59.2993649, 17.088782
59.2997158, 17.088123
59.3300183, 17.0177226
59.3321823, 17.0146794
59.3677674, 16.9537166
59.36856, 16.9467993
59.357784, 16.9143538
59.3568654, 16.9036036
59.3777732, 16.7920752
59.3805493, 16.7770602
59.3805515, 16.7756127
59.3682512, 16.6888969
59.3685683, 16.6807547
59.3701946, 16.6644149
59.3763117, 16.6007874
59.3787602, 16.588673
59.3796498, 16.5833381
59.3838675, 16.5435557
59.3842268, 16.5386287
59.385096, 16.531017
59.3877566, 16.5165849
59.3886001, 16.5060143
59.388622, 16.5034823
59.3889013, 16.4917767
59.3901114, 16.4802253
59.3901444, 16.4800179
59.3919154, 16.4716326
59.3927772, 16.4676839
59.3932035, 16.465488
59.3935518, 16.4634359
59.3970453, 16.4415555
59.3977007, 16.4392595
59.4000015, 16.4333936
59.4001782, 16.4329649
59.4038654, 16.424153
59.4060781, 16.4152699
59.4064711, 16.4080418
59.4064052, 16.406649
59.4065367, 16.3832335
59.407118, 16.3756843
59.4074016, 16.3721678
59.4074436, 16.3716255
59.4047481, 16.3409014
59.4027495, 16.3155384
59.4053149, 16.2877778
59.4053942, 16.2841224
59.4054034, 16.282515
59.4049237, 16.2733535
59.4044247, 16.2676022
59.4044129, 16.267374
59.4058457, 16.251585
59.4058843, 16.2514309
59.4059203, 16.2512901
59.4072409, 16.2464541
59.407329, 16.2461358
59.4075336, 16.2453518
59.4079917, 16.2434983
59.4083019, 16.2421686
59.4134807, 16.2120448
59.4135898, 16.2104258
59.4141451, 16.2020507
59.414699, 16.1939839
59.4148363, 16.192382
59.4150535, 16.1904365
59.4156153, 16.1859512
59.4160996, 16.1821613
59.4161136, 16.1820538
59.418183, 16.1643065
59.4180801, 16.1627284
59.4180397, 16.1621313
59.4179892, 16.161641
59.4131973, 16.1378812
59.4131658, 16.1376625
59.412176, 16.1296071
59.4116072, 16.125131
59.4077541, 16.1028232
59.407714, 16.1019069
59.407694, 16.1015011
59.4076512, 16.1001429
59.4077462, 16.0974927
59.4124947, 16.081379
59.4138206, 16.0780889
59.4145498, 16.0762486
59.4146616, 16.075968
59.4165313, 16.0708805
59.4172481, 16.0681436
59.4175187, 16.0669285
59.417732, 16.0659398
59.4179569, 16.0647855
59.4183098, 16.0628821
59.4144005, 16.0465175
59.4120604, 16.0401249
59.4110295, 16.037212
59.4107606, 16.0364047
59.4101579, 16.0338999
59.4097882, 16.0306968
59.4097688, 16.0257847
59.4099301, 16.0105241
59.409937, 16.0095637
59.4088063, 15.9989535
59.4084573, 15.9970445
59.4067392, 15.9876249
59.406063, 15.9839735
59.4059165, 15.9831746
59.404849, 15.9770003
59.4046264, 15.9739571
59.4046217, 15.9728947
59.4045261, 15.957155
59.4044918, 15.9549761
59.4029608, 15.9428601
59.4027729, 15.9416683
59.4023645, 15.9390778
59.4019961, 15.9367415
59.4013695, 15.9327547
59.4011584, 15.9313943
59.4008941, 15.9299657
59.399637, 15.9243612
59.3992127, 15.922614
59.3991822, 15.9224705
59.3991329, 15.9222714
59.3989436, 15.9214875
59.3983886, 15.9191677
59.3981978, 15.918255
59.3974908, 15.9129202
59.3973711, 15.9100595
59.3972647, 15.8925407
59.3972379, 15.8906932
59.3972143, 15.8905095
59.3969163, 15.8896578
59.3968654, 15.8895365
59.3969367, 15.888252
59.3976544, 15.8883301
59.3983397, 15.888921
59.3984485, 15.8889169
59.3992845, 15.8888546
59.3998276, 15.888817
59.4006189, 15.8887555
59.4009959, 15.888733
59.401556, 15.8887071
59.4024126, 15.8886247
59.4039203, 15.8877278
59.404521, 15.8872497
59.4047558, 15.8870754
59.4048915, 15.886962
59.4051937, 15.8866578
59.4055628, 15.8864242
59.4068542, 15.8858442
59.4075258, 15.8856881
59.4081093, 15.8856117
59.4234927, 15.8881563
59.4237647, 15.8883554
59.4247963, 15.8891403
59.4249423, 15.8892414
59.4267338, 15.8906308
59.4270114, 15.8908462
59.427052, 15.8907969
59.4271644, 15.8908512
59.4282584, 15.8877759
59.4279353, 15.8848336
59.4276542, 15.8832645
59.4275596, 15.8828375
59.4270597, 15.880418
59.4263813, 15.8751939
59.426115, 15.8731177
59.4256072, 15.8676295
59.4255935, 15.8674145
59.4255337, 15.8662815
59.4254307, 15.8369434
59.4252752, 15.8337333
59.4251602, 15.8315
59.4240177, 15.8195894
59.4236853, 15.8171126
59.4208525, 15.7812971
59.4183826, 15.7753292
59.4167888, 15.7730075
59.4161817, 15.7722902
59.4131273, 15.7695904
59.4126016, 15.7690941
59.4105885, 15.7667957
59.40679, 15.7600366
59.4060066, 15.7580372
59.401037, 15.729207
59.4004286, 15.7233019
59.4001442, 15.7211532
59.3965938, 15.7062448
59.3959382, 15.7043296
59.3748405, 15.5997984
59.3448616, 15.5491118
59.3431134, 15.5464401
59.3373675, 15.5370277
59.330873, 15.5210117
59.3307521, 15.5204493
59.3205843, 15.4758135
59.320453, 15.4754707
59.3112573, 15.4227455
59.3104416, 15.4194405
59.3091883, 15.4132177
59.3086493, 15.4087287
59.3069973, 15.3820499
59.3069669, 15.3815527
59.3065076, 15.321432
59.3056945, 15.2640669
59.3035281, 15.2576439
59.2987622, 15.2479136
59.2986437, 15.2476444
59.2970757, 15.2426929
59.2964038, 15.2394674
59.2959051, 15.2358338
59.2958803, 15.235582
59.2958506, 15.2353053
59.2955931, 15.2289275
59.2955633, 15.2277553
59.2953873, 15.2222767
59.2953801, 15.2220461
59.2953439, 15.2211578
59.2951884, 15.218086
59.2948644, 15.2125774
59.294541, 15.2083822
59.2928312, 15.1959241
59.2872651, 15.185567
59.2829011, 15.1822233
59.2787716, 15.1802792
59.27665, 15.1796364
59.2730564, 15.1782537
59.2679068, 15.1753345
59.2666828, 15.174427
59.2657097, 15.1736663
59.2618707, 15.1701685
59.2605401, 15.1686981
59.2571897, 15.164196
59.2507254, 15.1523371
59.2505707, 15.1521009
59.248504, 15.1493473
59.2436544, 15.1465476
59.2432399, 15.1453854
59.2419025, 15.1417744
59.2415747, 15.1409177
59.240262, 15.1367428
59.240051, 15.1357603
59.2395441, 15.1321189
59.2394656, 15.1309598
59.239435, 15.1266803
59.2394357, 15.1210197
59.2394404, 15.1200968
59.2394423, 15.1170638
59.239442, 15.1158504
59.2394948, 15.1123931
59.2395492, 15.1113849
59.2398276, 15.1089614
59.2401019, 15.1076645
59.2406341, 15.1058511
59.2409265, 15.1048489
59.2417264, 15.1021752
59.242142, 15.1007801
59.2430539, 15.0977596
59.2476297, 15.0629119
59.247434, 15.0594233
59.2464319, 15.0499063
59.24341, 15.0101758
59.2435449, 15.0089617
59.2456221, 14.9553497
59.2457792, 14.9518917
59.245816, 14.9510679
59.2463047, 14.9419317
59.2463889, 14.9409966
59.2467031, 14.9381784
59.2540405, 14.8959109
59.254248, 14.8908249
59.2523209, 14.8272423
59.2524087, 14.8264547
59.2526832, 14.8244986
59.2528859, 14.8233778
59.2534965, 14.8209766
59.2574868, 14.8124062
59.2649219, 14.8000258
59.2652616, 14.7988555
59.2656034, 14.7976052
59.2658554, 14.7966336
59.2662198, 14.7952383
59.2667251, 14.7933196
59.2677803, 14.7892235
59.2689251, 14.7843408
59.2704472, 14.7778082
59.270939, 14.7758754
59.2723196, 14.7704337
59.2756578, 14.7535329
59.2761173, 14.7442036
59.2761538, 14.7434224
59.2766165, 14.7362142
59.2777662, 14.7231896
59.2778845, 14.7218584
59.2780756, 14.7196394
59.2782476, 14.7174344
59.2784503, 14.7124951
59.278413, 14.7097908
59.2791294, 14.7042336
59.2808539, 14.6936609
59.2811627, 14.6914944
59.2812916, 14.690838
59.2813814, 14.6904125
59.2894791, 14.680308
59.2955397, 14.6651704
59.2956248, 14.6641709
59.2956878, 14.6634102
59.2958179, 14.661874
59.296137, 14.6581067
59.2963846, 14.655259
59.2967032, 14.651324
59.2972097, 14.6467171
59.3015834, 14.6381365
59.3022299, 14.6374526
59.3030447, 14.6365473
59.3040305, 14.6354728
59.3045611, 14.6349173
59.308568, 14.6284918
59.3094736, 14.6251517
59.3123922, 14.6123099
59.3126482, 14.6111606
59.3136267, 14.6064332
59.3147136, 14.6016737
59.3203267, 14.5930872
59.3219983, 14.5909341
59.3231117, 14.5884812
59.3233499, 14.587832
59.3236411, 14.5869917
59.3247482, 14.5837538
59.3261631, 14.5793639
59.3265155, 14.5782706
59.3279818, 14.5728389
59.3281745, 14.5715916
59.3287815, 14.5653093
59.3288968, 14.5641063
59.3297757, 14.5586279
59.3300946, 14.5570221
59.3308029, 14.5461591
59.3307298, 14.5453219
59.3307221, 14.5452304
59.3306005, 14.544327
59.3305439, 14.5439613
59.3301673, 14.542602
59.329461, 14.5413617
59.3288096, 14.5407381
59.3279117, 14.5399138
59.3270596, 14.5390584
59.3252566, 14.5349979
59.3251484, 14.5344904
59.3250304, 14.5338711
59.3248983, 14.5327848
59.3247882, 14.5309993
59.3247487, 14.5292261
59.3245754, 14.5276748
59.3246466, 14.5271785
59.3239619, 14.5086613
59.3237418, 14.5076648
59.3236664, 14.5074415
59.3236842, 14.5062835
59.3238305, 14.5059542
59.3238701, 14.5058973
59.3239116, 14.5058473
59.3241738, 14.5047674
59.3240592, 14.501878
59.3239092, 14.4983572
59.3239172, 14.498258
59.3237728, 14.4956871
59.3236925, 14.4939414
59.323574, 14.4907962
59.3233836, 14.4829765
59.3232938, 14.479685
59.3232302, 14.477557
59.3231668, 14.4754864
59.3231051, 14.4733729
59.3230957, 14.4719108
59.3228231, 14.4614862
59.3227759, 14.4595052
59.3246403, 14.4472885
59.3259716, 14.4418385
59.3264038, 14.4388974
59.3266341, 14.4348179
59.3219478, 14.4124165
59.3212738, 14.4047158
59.3212828, 14.4023017
59.3212778, 14.399577
59.3212683, 14.3973072
59.3215694, 14.3936607
59.3219374, 14.3917837
59.322821, 14.3876461
59.3234117, 14.3846983
59.324031, 14.3705343
59.3239954, 14.3696944
59.3238888, 14.3675343
59.3235564, 14.3627657
59.3188606, 14.3428061
59.3179365, 14.3397142
59.3166724, 14.3354321
59.3132548, 14.3240971
59.3129481, 14.3230226
59.3096265, 14.2988467
59.3097147, 14.2937106
59.3098766, 14.2904453
59.3106438, 14.2756876
59.3108442, 14.2741985
59.3110135, 14.2732709
59.3110839, 14.2728217
59.3113229, 14.2712968
59.312463, 14.2589902
59.3124933, 14.2537876
59.3119868, 14.2368294
59.3118842, 14.2325895
59.3116284, 14.2152612
59.311462, 14.2133904
59.3111689, 14.2101951
59.3107132, 14.2011353
59.3107406, 14.1979676
59.3112882, 14.1883734
59.3115256, 14.185
59.315136, 14.1569486
59.3159472, 14.1541151
59.3163099, 14.1528058
59.3168399, 14.1508928
59.316943, 14.1505112
59.3172273, 14.1494156
59.3199065, 14.1388753
59.3202396, 14.137953
59.3238513, 14.1264025
59.324307, 14.1209733
59.3245322, 14.1179991
59.3247038, 14.115959
59.3247841, 14.114795
59.3248188, 14.1143648
59.3266128, 14.1047037
59.3299257, 14.0992012
59.3304088, 14.0987024
59.3306607, 14.0984424
59.3314908, 14.0975469
59.3327192, 14.0962437
59.3354821, 14.0933908
59.3499737, 14.0796027
59.3505091, 14.0788201
59.3508656, 14.0783124
59.3512012, 14.0778395
59.3517065, 14.0769853
59.3542886, 14.0702876
59.3545658, 14.0691885
59.3548099, 14.0681042
59.3549186, 14.0676352
59.3549991, 14.067245
59.3551006, 14.0667678
59.3552199, 14.0661081
59.3553584, 14.0653362
59.356528, 14.0595348
59.3596497, 14.0389326
59.3608363, 14.0327879
59.3612676, 14.0312997
59.3632989, 14.0255661
59.3636114, 14.0248419
59.3662869, 14.0199106
59.3692876, 14.0140199
59.3700692, 14.0118253
59.3713124, 14.008214
59.3748137, 13.976653
59.3750442, 13.972382
59.3750629, 13.9719414
59.3749922, 13.9680221
59.3739003, 13.9527109
59.373947, 13.9496495
59.37452, 13.9422896
59.3751433, 13.9360383
59.3755953, 13.9314383
59.3798153, 13.9011555
59.3798813, 13.9004351
59.3827739, 13.8812497
59.3894762, 13.8573181
59.3904018, 13.8519143
59.3909962, 13.8477489
59.3945229, 13.816857
59.39485, 13.8152537
59.3950631, 13.8143618
59.4025633, 13.7832663
59.4110392, 13.7578857
59.416458, 13.7378718
59.4186045, 13.7148005
59.4189404, 13.7121961
59.4201244, 13.7040057
59.4210545, 13.6888682
59.4181837, 13.6681857
59.4136826, 13.6599984
59.411747, 13.6564252
59.4078196, 13.6478111
59.4030343, 13.6211593
59.4020066, 13.6135035
59.4015475, 13.6090618
59.4013751, 13.6076895
59.4012151, 13.6063514
59.4009925, 13.6046256
59.4009277, 13.6040831
59.3996407, 13.5943983
59.3983499, 13.584151
59.3977994, 13.5768268
59.3996497, 13.5620283
59.4005527, 13.5580068
59.4006784, 13.5574221
59.4012, 13.5546274
59.4013111, 13.5538076
59.40153, 13.5484279
59.4014828, 13.5475521
59.4002306, 13.5401107
59.3999308, 13.5386854
59.3995411, 13.5368102
59.3989281, 13.5338832
59.3987935, 13.5332636
59.397877, 13.528928
59.3962072, 13.5229151
59.3962317, 13.5130264
59.3967326, 13.5117681
59.3978643, 13.5077665
59.3977887, 13.502857
59.3976522, 13.5021177
59.3969788, 13.5000178
59.3941231, 13.4968666
59.3938301, 13.4966897
59.3866514, 13.4917097
59.3860574, 13.490999
59.3853833, 13.4897514
59.3849329, 13.4886301
59.3843966, 13.4871396
59.3839095, 13.4856622
59.3838606, 13.4847468
59.383716, 13.4825255
59.3821527, 13.4704641
59.3814531, 13.4629117
59.3796792, 13.4487857
59.3786441, 13.4400386
59.378397, 13.4315216
59.3800104, 13.4245226
59.3806532, 13.4206317
59.3811538, 13.4178779
59.3813562, 13.4097323
59.3812644, 13.4077945
59.3811931, 13.4053628
59.3811896, 13.4049608
59.3811699, 13.4044067
59.3809942, 13.3857917
59.3849672, 13.3452796
59.3848595, 13.3414273
59.3843481, 13.3294736
59.3844405, 13.3255928
59.3862161, 13.3106523
59.3884281, 13.3006782
59.3907165, 13.2927643
59.3916042, 13.2895715
59.3924944, 13.2783706
59.3922812, 13.2760041
59.3917516, 13.2727495
59.3914832, 13.2715844
59.3909675, 13.269632
59.3895445, 13.2632403
59.387172, 13.2370354
59.3870992, 13.2357807
59.3869421, 13.2340626
59.3868326, 13.2329476
59.3868229, 13.232837
59.3867812, 13.2323675
59.386469, 13.2291257
59.380452, 13.2050498
59.3774201, 13.1972996
59.3771283, 13.1964324
59.3748323, 13.1880213
59.3729988, 13.1803639
59.3723853, 13.1777237
59.3721774, 13.1768041
59.371914, 13.1757203
59.3714857, 13.1733788
59.371045, 13.1653491
59.3674478, 13.1476608
59.366924, 13.146597
59.3668115, 13.146276
59.3668175, 13.1456743
59.366889, 13.1455018
59.3667891, 13.1442281
59.3553979, 13.1313567
59.3536124, 13.1302365
59.3462122, 13.1154936
59.3459197, 13.114347
59.3454705, 13.112673
59.3449162, 13.1114153
59.3444775, 13.110865
59.3406619, 13.1096329
59.3385674, 13.1083485
59.3371321, 13.1071427
59.3338051, 13.102094
59.3322018, 13.1007801
59.3310926, 13.1015008
59.3298398, 13.1048437
59.3287748, 13.1073022
59.3266104, 13.108138
59.3229908, 13.1075287
59.3228209, 13.1074844
59.3167855, 13.1008811
59.3164777, 13.1000281
59.3162393, 13.0993526
59.3141593, 13.0938354
59.3132087, 13.0917216
59.3086484, 13.0831579
59.3082511, 13.0824465
59.3079371, 13.0818995
59.3070825, 13.0804135
59.306074, 13.0786535
59.3033751, 13.0749511
59.3016923, 13.0732061
59.3009845, 13.0725178
59.2993031, 13.070908
59.2970568, 13.0687595
59.2949955, 13.0663771
59.2901469, 13.0577759
59.2896802, 13.0562116
59.2881775, 13.0508572
59.2872522, 13.0484404
59.2849627, 13.0421415
59.2656862, 13.008008
59.2637491, 13.0065033
59.2609696, 13.002333
59.260247, 13.0000429
59.2599551, 12.99853
59.2596729, 12.9961199
59.2593405, 12.9929011
59.2586905, 12.9878755
59.2569072, 12.976166
59.2543211, 12.9580375
59.2533722, 12.9461172
59.2532965, 12.9450442
59.2521748, 12.9324357
59.250488, 12.9200065
59.2497274, 12.9144175
59.2481976, 12.9057404
59.2485829, 12.8787083
59.2485994, 12.8771849
59.2479697, 12.871172
59.2470196, 12.8609132
59.24748, 12.8471666
59.2479296, 12.8340173
59.2479368, 12.8336325
59.2479452, 12.8334406
59.2479772, 12.8319521
59.2477531, 12.813678
59.2484105, 12.8089468
59.2509197, 12.8018403
59.251338, 12.8009928
59.2522815, 12.7991853
59.2551805, 12.7939812
59.2568616, 12.7911907
59.2693725, 12.7700742
59.2701789, 12.7567047
59.2701068, 12.7500021
59.2701076, 12.7499628
59.2703116, 12.7433541
59.2713864, 12.7320754
59.2725506, 12.7235624
59.2725589, 12.7235005
59.2733757, 12.7165141
59.2737397, 12.7094516
59.2738527, 12.7012519
59.2753754, 12.6883029
59.2761255, 12.680422
59.2756957, 12.6716846
59.2756567, 12.6711012
59.2754276, 12.6684593
59.2753824, 12.6680596
59.2752675, 12.6670424
59.274814, 12.6641404
59.2740624, 12.6605541
59.2731047, 12.6569149
59.2728845, 12.6562527
59.2715317, 12.6529591
59.2680062, 12.6443091
59.2676653, 12.6428363
59.2661009, 12.6365578
59.263901, 12.6329457
59.261897, 12.6275504
59.2596088, 12.6143569
59.2589982, 12.6120767
59.2575469, 12.5955563
59.2578649, 12.5896132
59.2573864, 12.5807619
59.2562347, 12.574819
59.2556034, 12.5677453
59.2559249, 12.5621338
59.2560563, 12.5611715
59.2566519, 12.5573295
59.2572589, 12.5542214
59.2595608, 12.545834
59.267169, 12.5306572
59.2705089, 12.5202935
59.270516, 12.5202215
59.2710902, 12.5019151
59.2714084, 12.4997009
59.2789928, 12.4850483
59.2803158, 12.4832279
59.2855905, 12.4649924
59.2856467, 12.4646357
59.2859623, 12.4624942
59.2866131, 12.4580494
59.2886013, 12.4485342
59.2895895, 12.4438405
59.2907015, 12.4355114
59.2916192, 12.4304042
59.2940493, 12.4240281
59.294608, 12.4228119
59.2965916, 12.418111
59.2968076, 12.4174992
59.2981905, 12.4123996
59.2987916, 12.4079015
59.2987557, 12.4000662
59.2985608, 12.3966598
59.2984561, 12.3949277
59.2982767, 12.3726466
59.2978994, 12.3640195
59.2961966, 12.3513948
59.3005075, 12.3331591
59.3020088, 12.3313203
59.3066691, 12.327497
59.3106778, 12.3239735
59.3115874, 12.323009
59.3147207, 12.3192607
59.3168301, 12.3166572
59.3192831, 12.313697
59.3208401, 12.3120372
59.3239251, 12.309435
59.3254974, 12.308177
59.3272625, 12.3065194
59.3324324, 12.3008386
59.3381564, 12.299144
59.3405283, 12.2989952
59.3431759, 12.2987312
59.3487925, 12.2975719
59.3521445, 12.2957117
59.3543257, 12.293462
59.3569701, 12.2893678
59.3592, 12.2841469
59.3606925, 12.2803663
59.3613688, 12.2786056
59.3615656, 12.2780001
59.3624302, 12.2747428
59.3648741, 12.2611786
59.3673578, 12.2591335
59.3687219, 12.2582349
59.3729251, 12.248573
59.3783483, 12.2328024
59.3799193, 12.230552
59.3819983, 12.2275758
59.3839155, 12.2248745
59.3851011, 12.2230969
59.3851505, 12.2229609
59.3867296, 12.2194907
59.3871169, 12.218311
59.3878221, 12.2152235
59.3882555, 12.2111599
59.3880291, 12.2041377
59.3879346, 12.2024248
59.3873068, 12.1865751
59.3875833, 12.1745686
59.3889016, 12.1672652
59.3895587, 12.1643227
59.3897727, 12.159728
59.3895362, 12.1551472
59.3895116, 12.1541687
59.3894789, 12.1528647
59.3897664, 12.1490698
59.3898552, 12.1485509
59.3912456, 12.1442173
59.3924927, 12.1420933
59.3927225, 12.1416365
59.3934669, 12.139172
59.3938582, 12.1373938
59.3940199, 12.1366282
59.3940801, 12.1363384
59.3943058, 12.1352279
59.3947202, 12.1333468
59.3949342, 12.1324526
59.3955866, 12.1303975
59.3958008, 12.1298809
59.3960697, 12.1293315
59.396838, 12.1278999
59.3987104, 12.1256665
59.4004767, 12.1255669
59.4006597, 12.1256973
59.4024419, 12.1266675
59.4034583, 12.1269841
59.4040421, 12.1270772
59.4049704, 12.1270838
59.405829, 12.1270727
59.4059698, 12.1270675
59.4062255, 12.1270612
59.4069274, 12.1270427
59.411449, 12.125264
59.4125026, 12.1240914
59.413621, 12.122313
59.423638, 12.103717
59.424778, 12.1025851
59.4258105, 12.1016268
59.4301214, 12.0989089
59.433036, 12.0966928
59.441076, 12.0835671
59.4438956, 12.0783183
59.449044, 12.0610718
59.4520971, 12.0486853
59.4533832, 12.0451413
59.4585022, 12.0322828
59.4593991, 12.0295115
59.4616019, 12.0200862
59.4617235, 12.0195259
59.4625804, 12.0155787
59.4628943, 12.014219
59.4639314, 12.0103902
59.4642864, 12.0095256
59.4650353, 12.0079347
59.4652073, 12.0075511
59.4681709, 12.0002048
59.4688659, 11.997254
59.4699165, 11.9918129
59.4710953, 11.987688
59.4719025, 11.9851146
59.4730989, 11.981141
59.4739724, 11.9771045
59.4753295, 11.9648746
59.4808787, 11.9538092
59.4865962, 11.9427714
59.486646, 11.9425813
59.4964132, 11.9179346
59.4978616, 11.908404
59.4977568, 11.8972762
59.4972234, 11.8938128
59.496698, 11.8895297
59.4971815, 11.8848011
59.5037884, 11.8680956
59.5044121, 11.8652178
59.5051895, 11.8623575
59.5058065, 11.8602039
59.5071817, 11.8532181
59.5075277, 11.8494965
59.5076503, 11.8466798
59.5075944, 11.8446807
59.5074783, 11.8418113
59.5074274, 11.8408289
59.5074205, 11.8405828
59.5074187, 11.8405189
59.5073594, 11.839059
59.5072884, 11.8374691
59.5077127, 11.8329876
59.508117, 11.8303289
59.5084321, 11.8278709
59.5085386, 11.8271185
59.5085685, 11.8269076
59.508875, 11.8233895
59.5087407, 11.821756
59.5084839, 11.8201825
59.5084153, 11.8198746
59.5071652, 11.8165359
59.5066219, 11.8156005
59.5062323, 11.8149357
59.500869, 11.799152
59.4970953, 11.7838744
59.4963127, 11.7805753
59.4960338, 11.7794579
59.4956556, 11.7782606
59.4953193, 11.7773543
59.4949536, 11.7765228
59.4945784, 11.7758186
59.4941563, 11.7751469
59.4935669, 11.7744178
59.4929065, 11.7737911
59.492222, 11.7731819
59.4917328, 11.7727049
59.4912498, 11.7721531
59.4908239, 11.7715139
59.4904385, 11.7708397
59.489953, 11.7697386
59.4896944, 11.769012
59.4895309, 11.7684652
59.489309, 11.7675987
59.4891315, 11.7666948
59.4889946, 11.7657185
59.488878, 11.7644551
59.4888501, 11.763676
59.4888539, 11.762917
59.4888932, 11.7619756
59.4889731, 11.7610717
59.4891163, 11.7598707
59.4894865, 11.7569668
59.4895385, 11.7564574
59.4895714, 11.7557583
59.4895752, 11.755129
59.4895385, 11.7544424
59.4894738, 11.7538905
59.489309, 11.7529892
59.4891316, 11.7523505
59.4891176, 11.7523
59.4889696, 11.7518686
59.4887784, 11.7513393
59.4886224, 11.7509964
59.488441, 11.7506804
59.4882454, 11.7504044
59.4877933, 11.7498198
59.4875205, 11.7494631
59.4872544, 11.7490909
59.4872029, 11.7490229
59.4871155, 11.7490008
59.486967, 11.748805
59.4868567, 11.7486656
59.4867171, 11.7485033
59.4865803, 11.7483598
59.4863835, 11.7481908
59.4860253, 11.7479011
59.4859572, 11.7478086
59.4859158, 11.7476705
59.4858612, 11.747602
59.4857992, 11.7475122
59.4857387, 11.7474176
59.4856594, 11.7472766
59.4855325, 11.747013
59.4852385, 11.7463565
59.4851804, 11.7462247
59.4849881, 11.7458036
59.484877, 11.745557
59.484568, 11.7448746
59.4844294, 11.7445924
59.4843175, 11.7444003
59.4842348, 11.7442743
59.4841877, 11.7442107
59.4841049, 11.7441109
59.4840131, 11.7440132
59.4839167, 11.743928
59.4838069, 11.74385
59.4837811, 11.7438333
59.4837397, 11.7438099
59.4836926, 11.7437845
59.4835984, 11.7437455
59.4834885, 11.7437109
59.4833786, 11.7436858
59.4829579, 11.7436195
59.4816915, 11.7434256
59.4815227, 11.743392
59.4813668, 11.7433491
59.4813026, 11.7433617
59.4812474, 11.7433398
59.4811493, 11.743296
59.4810326, 11.7432342
59.4809181, 11.7431589
59.4808119, 11.7430745
59.4807213, 11.7429973
59.4806081, 11.7428891
59.4804774, 11.7427449
59.480325, 11.7425594
59.4801988, 11.7423888
59.480034, 11.7421454
59.4799238, 11.7419632
59.4797897, 11.7417366
59.4796968, 11.7415556
59.4796034, 11.7413668
59.4794667, 11.7410779
59.479363, 11.7408267
59.4792937, 11.7406585
59.4791651, 11.7403173
59.4790488, 11.7399719
59.4789112, 11.7395007
59.4788357, 11.7392134
59.4787457, 11.7388296
59.4786828, 11.7385385
59.478645, 11.7383324
59.4785917, 11.7380312
59.4785141, 11.7375155
59.4784654, 11.7371012
59.4784206, 11.7365777
59.4783996, 11.7362613
59.4783811, 11.7358398
59.4783756, 11.7354936
59.4783791, 11.7350881
59.4783871, 11.7347718
59.4783976, 11.7344736
59.4784323, 11.7339956
59.4784625, 11.7336344
59.4784946, 11.7332867
59.4785672, 11.7326407
59.4786082, 11.7322583
59.4786789, 11.7316562
59.478688, 11.7315746
59.4787723, 11.7308843
59.4790157, 11.7290024
59.479134, 11.7280432
59.47915, 11.7279148
59.4792707, 11.7268559
59.4793506, 11.7260783
59.4793558, 11.7260207
59.479394, 11.7256462
59.4794421, 11.7251256
59.4795451, 11.7239092
59.4795498, 11.7238229
59.4795979, 11.723211
59.4797037, 11.7217262
59.4797518, 11.7211145
59.4798068, 11.7205063
59.4798774, 11.7198829
59.4799068, 11.7196143
59.4799515, 11.7193096
59.4800725, 11.7185708
59.4801472, 11.7182079
59.4802445, 11.7177708
59.4802761, 11.7176407
59.4804229, 11.7170892
59.4805583, 11.7166284
59.4806102, 11.7164634
59.4807364, 11.7160932
59.4808627, 11.7157465
59.4810249, 11.715323
59.4811354, 11.7150452
59.4815838, 11.7139585
59.4817279, 11.7135982
59.4818609, 11.7132495
59.4820413, 11.712747
59.4821382, 11.7124533
59.4822172, 11.7122
59.4823639, 11.7116958
59.4824858, 11.7112267
59.4826486, 11.710507
59.4827223, 11.7101362
59.4827912, 11.7097453
59.4828402, 11.7094414
59.4828955, 11.7090455
59.4830001, 11.708156
59.478414, 11.6868208
59.4781961, 11.6838108
59.4783205, 11.6809126
59.4784615, 11.6790458
59.4785211, 11.6774247
59.4805793, 11.6671275
59.4814116, 11.6638043
59.4816499, 11.6619984
59.4819242, 11.6600045
59.482138, 11.6588509
59.4827651, 11.6542989
59.4828091, 11.6533971
59.4828262, 11.6530685
59.4828369, 11.6529008
59.4828846, 11.6523029
59.4830154, 11.6513617
59.4832631, 11.6502468
59.483838, 11.6481547
59.4838668, 11.6480513
59.483993, 11.6475876
59.4842625, 11.6466081
59.4843201, 11.6464096
59.4845018, 11.6457564
59.4846611, 11.6452737
59.484847, 11.644654
59.4902481, 11.6362537
59.4930936, 11.6334684
59.4934943, 11.6330768
59.4990827, 11.6273829
59.5011596, 11.6246319
59.5014599, 11.6241888
59.5066364, 11.6158309
59.5069372, 11.6153889
59.5074116, 11.6147097
59.5097091, 11.6112561
59.5122637, 11.6063761
59.5162825, 11.5970178
59.516604, 11.5963439
59.516864, 11.5958234
59.5235989, 11.5806685
59.5238329, 11.5800675
59.5362434, 11.5564194
59.5364153, 11.5557532
59.5389539, 11.5449567
59.5392776, 11.5428266
59.539482, 11.5412691
59.5395215, 11.5390898
59.5394146, 11.5378125
59.5400047, 11.5347232
59.5400612, 11.5330146
59.5400809, 11.5316386
59.5399776, 11.5266913
59.5399218, 11.5256882
59.5393341, 11.5184658
59.5391497, 11.5162153
59.538781, 11.5102962
59.5387661, 11.5082485
59.5392425, 11.5006553
59.5395941, 11.4981312
59.545106, 11.4759868
59.5455768, 11.4692444
59.5456091, 11.4651986
59.5456124, 11.4642818
59.545638, 11.4612522
59.5474033, 11.4449288
59.5475583, 11.4441946
59.5483428, 11.4403176
59.5522733, 11.4281324
59.5525504, 11.4273963
59.5553785, 11.4156945
59.5556211, 11.413675
59.5559099, 11.4104587
59.5575505, 11.3907774
59.5576817, 11.3897315
59.5591869, 11.3819647
59.5593343, 11.3814053
59.5596521, 11.380278
59.5621493, 11.3734975
59.5629855, 11.3717972
59.5719616, 11.3558493
59.572524, 11.3543981
59.5768384, 11.3289402
59.5766079, 11.3218688
59.5764791, 11.3199119
59.576313, 11.3175358
59.5764397, 11.3014843
59.5765109, 11.3006969
59.5766752, 11.2901763
59.576631, 11.2896902
59.5763853, 11.2875318
59.5758015, 11.2832454
59.5758691, 11.2784247
59.5772793, 11.2691617
59.5773356, 11.2683695
59.577042, 11.261327
59.5769231, 11.2605409
59.5768414, 11.2600023
59.5767331, 11.2593244
59.5765516, 11.2274235
59.575921, 11.2254977
59.5757353, 11.2249532
59.5748111, 11.2221721
59.5739078, 11.219457
59.5736633, 11.2187348
59.5717229, 11.2129015
59.5711032, 11.2109932
59.5691329, 11.1946974
59.56919, 11.192606
59.5699125, 11.1746323
59.5701591, 11.1719318
59.5702265, 11.1711042
59.5704392, 11.1673855
59.570509, 11.1659309
59.570638, 11.1634787
59.5707407, 11.1618135
59.5787073, 11.1360003
59.5789165, 11.1354017
59.5834983, 11.121004
59.5842667, 11.1194493
59.5866855, 11.1152998
59.5876574, 11.1136275
59.5881529, 11.1127134
59.5920485, 11.0971159
59.5922105, 11.0959947
59.5922892, 11.0954492
59.5923943, 11.094722
59.5931572, 11.0895148
59.5982536, 11.0735025
59.598825, 11.0710471
59.6002983, 11.0643035
59.6010261, 11.0619754
59.6087082, 11.0301598
59.6089064, 11.0296724
59.6132949, 11.0189531
59.6134925, 11.0184739
59.6152119, 11.0142553
59.6164243, 11.0112967
59.6186085, 11.0059371
59.618917, 11.0051811
59.6199254, 11.0027298
59.6208193, 11.0005244
59.6214176, 10.9990584
59.6224626, 10.9964924
59.6226789, 10.9959693
59.6254331, 10.9769739
59.6254472, 10.9759272
59.6271552, 10.9587532
59.6282466, 10.9554329
59.6286744, 10.9543618
59.629863, 10.9518972
59.6311948, 10.9497683
59.6348691, 10.9452875
59.6353463, 10.9447235
59.6393408, 10.939847
59.6395869, 10.9394643
59.6410012, 10.9367207
59.6413496, 10.9358315
59.6440998, 10.9278451
59.6449311, 10.9265064
59.6467794, 10.9239876
59.6471925, 10.9236447
59.6474071, 10.9235248
59.6479611, 10.923247
59.648403, 10.9231006
59.6495895, 10.922398
59.6527613, 10.9204933
59.6533528, 10.920032
59.6545985, 10.918942
59.6547655, 10.9187391
59.6552954, 10.9180203
59.6562418, 10.9166745
59.6570582, 10.9151818
59.6578058, 10.9137091
59.6581419, 10.913037
59.6593658, 10.9106803
59.6596047, 10.9102872
59.6615369, 10.9081391
59.6615998, 10.9080888
59.6620623, 10.9077327
59.6638609, 10.9063754
59.6653259, 10.9051664
59.6658615, 10.9044736
59.6674621, 10.9019022
59.667558, 10.901744
59.6684447, 10.9002497
59.6714468, 10.8929086
59.6722881, 10.889666
59.6723137, 10.8895002
59.6723476, 10.8892478
59.6725063, 10.8879006
59.6727201, 10.8864522
59.6731292, 10.8845889
59.6735572, 10.8831886
59.6739659, 10.882041
59.6747115, 10.8794337
59.676163, 10.8733815
59.6762276, 10.8731086
59.6763208, 10.8727173
59.6766075, 10.8715209
59.6783597, 10.8642606
59.6783817, 10.8641686
59.6787015, 10.8628351
59.6790166, 10.8615314
59.6790562, 10.8613677
59.6796856, 10.8587498
59.6808435, 10.8552329
59.6833148, 10.8472138
59.6842416, 10.8410767
59.6843639, 10.8401008
59.6848398, 10.8349104
59.6848839, 10.8339622
59.6877162, 10.8200782
59.6883534, 10.815403
59.6885512, 10.81373
59.6885548, 10.8130344
59.6885112, 10.8128527
59.6885693, 10.8125705
59.6886276, 10.8125118
59.6888012, 10.8119405
59.6891926, 10.8102852
59.6912023, 10.804039
59.6915833, 10.8034859
59.6920853, 10.8028674
59.6946234, 10.8000145
59.6946854, 10.799946
59.6981982, 10.7960282
59.6995329, 10.7945281
59.7001672, 10.7938096
59.7008635, 10.7930183
59.7022787, 10.7913837
59.7028013, 10.790777
59.7028263, 10.7907478
59.7040715, 10.7893061
59.704943, 10.7883108
59.7050085, 10.7882371
59.7060017, 10.7870778
59.7072878, 10.7855889
59.7076656, 10.7851385
59.7083056, 10.7844363
59.7090905, 10.7837203
59.7102199, 10.7829728
59.7111232, 10.7825768
59.7180687, 10.7839503
59.7223064, 10.7853263
59.723578, 10.7855312
59.7262302, 10.7855753
59.7271968, 10.7854555
59.7375353, 10.7821603
59.7392208, 10.7826001
59.7417479, 10.7811933
59.7423692, 10.7808964
59.7429315, 10.7811072
59.7446851, 10.782276
59.7510283, 10.7838205
59.7522019, 10.7844017
59.7592738, 10.8105201
59.772089, 10.8323387
59.7724711, 10.8331074
59.7733127, 10.8347666
59.7747177, 10.8368822
59.7763028, 10.8382729
59.7821136, 10.8389651
59.7836895, 10.8389204
59.7843031, 10.838935
59.7862156, 10.8389807
59.7878721, 10.8391649
59.7888405, 10.8393965
59.7895586, 10.8395643
59.7922164, 10.8406455
59.7935332, 10.8412834
59.7942667, 10.8416442
59.7962679, 10.8424486
59.7964961, 10.8425175
59.7969812, 10.8426457
59.7975652, 10.8427734
59.8024535, 10.8427612
59.8081767, 10.8412045
59.8158835, 10.8434242
59.8189826, 10.8467941
59.8207924, 10.8465121
59.8227487, 10.8455014
59.8338604, 10.8400362
59.8358074, 10.8394498
59.8360379, 10.8394272
59.8373373, 10.8394822
59.837675, 10.8395515
59.8388469, 10.839694
59.8401733, 10.8393885
59.8406212, 10.8391733
59.8407313, 10.8391198
59.8414335, 10.8387694
59.8450696, 10.8371978
59.8452363, 10.8371434
59.8489682, 10.8361691
59.8497801, 10.8357061
59.8499625, 10.8355831
59.8503014, 10.8353538
59.850612, 10.8351468
59.8513195, 10.8346745
59.8514443, 10.8345974
59.8524764, 10.8340213
59.8577907, 10.8315194
59.8604519, 10.8307734
59.8615075, 10.8306637
59.8626923, 10.8306573
59.8639265, 10.8306443
59.864791, 10.8305515
59.8695993, 10.8288644
59.8743039, 10.8241607
59.8750475, 10.8235896
59.8817414, 10.8159505
59.8829362, 10.8150615
59.8874689, 10.8078911
59.8878245, 10.8073648
59.8887889, 10.806185
59.8889995, 10.8059379
59.8922899, 10.8040779
59.8929976, 10.8039152
59.8941532, 10.8038577
59.8948715, 10.8042862
59.8949547, 10.8042208
59.8950897, 10.8042992
59.8951198, 10.8043626
59.8955273, 10.8044916
59.8958205, 10.804518
59.8960331, 10.8045281
59.8961446, 10.8045215
59.8966446, 10.8044371
59.8982743, 10.8036946
59.9012586, 10.7834277
59.9013821, 10.781339
59.9011603, 10.7801076
59.900816, 10.778846
59.8990838, 10.7694235
59.898992, 10.7642624
59.8997756, 10.7616841
59.9014846, 10.7596364
59.902406, 10.7591734
59.9025984, 10.7590155
59.9033536, 10.7583924
59.9041784, 10.7572408
59.906514, 10.7472694
59.9061667, 10.7444014
59.9051844, 10.7433591
59.9051547, 10.7434289
59.9053232, 10.7438149
59.9059742, 10.7443748
59.9062331, 10.7446504
59.9063701, 10.7449008
59.9065001, 10.7453516
59.9067388, 10.7458419
59.9068791, 10.746136
59.9071234, 10.7452083
59.9071362, 10.7451626
59.9071677, 10.7450525
59.9073136, 10.7446222
59.9075293, 10.7437255
59.907569, 10.7435608
59.9080601, 10.7440472
59.9089269, 10.7448931
59.9089871, 10.7449516
59.9099944, 10.7459293
59.9106291, 10.746525
59.9111065, 10.7445642
59.9114586, 10.7431288
59.9127156, 10.7443617
59.9131326, 10.7447931
59.9132268, 10.7448416
59.9133988, 10.7443884
59.9140357, 10.7426391
59.9144419, 10.7414947
59.9146872, 10.7408004
59.9149148, 10.7400543
59.9139019, 10.7389256
59.9138057, 10.7388189
59.9134523, 10.738421